  PAW_PBE Cl 06Sep2000                   
 100
Core Pot   L  =         .00000  -1.52079
  -.20000000E+01  .30269682E-01
  -.19600000E+01 -.24861558E-01
  -.19200000E+01 -.82612251E-01
  -.18800000E+01 -.14320963E+00
  -.18400000E+01 -.20690829E+00
  -.18000000E+01 -.27399444E+00
  -.17600000E+01 -.34479099E+00
  -.17200000E+01 -.41966361E+00
  -.16800000E+01 -.49902806E+00
  -.16400000E+01 -.58335910E+00
  -.16000000E+01 -.67320131E+00
  -.15600000E+01 -.76918244E+00
  -.15200000E+01 -.87202997E+00
  -.14800000E+01 -.98259167E+00
  -.14400000E+01 -.11018616E+01
  -.14000000E+01 -.12310130E+01
  -.13600000E+01 -.13714407E+01
  -.13200000E+01 -.15248162E+01
  -.12800000E+01 -.16931593E+01
  -.12400000E+01 -.18789346E+01
  -.12000000E+01 -.20851801E+01
  -.11600000E+01 -.23156856E+01
  -.11200000E+01 -.25752392E+01
  -.10800000E+01 -.28699806E+01
  -.10400000E+01 -.32079129E+01
  -.10000000E+01 -.35996686E+01
  -.96000000E+00 -.40596860E+01
  -.92000000E+00 -.46080791E+01
  -.88000000E+00 -.52737305E+01
  -.84000000E+00 -.60996550E+01
  -.80000000E+00 -.71528470E+01
  -.76000000E+00 -.85436976E+01
  -.72000000E+00 -.10467922E+02
  -.68000000E+00 -.13308745E+02
  -.64000000E+00 -.17932181E+02
  -.60000000E+00 -.26796859E+02
  -.56000000E+00 -.50730693E+02
  -.52000000E+00 -.34795333E+03
  -.48000000E+00  .75400633E+02
  -.44000000E+00  .34774164E+02
  -.40000000E+00  .22902550E+02
  -.36000000E+00  .17232494E+02
  -.32000000E+00  .13908015E+02
  -.28000000E+00  .11721049E+02
  -.24000000E+00  .10171562E+02
  -.20000000E+00  .90151310E+01
  -.16000000E+00  .81181196E+01
  -.12000000E+00  .74012989E+01
  -.80000000E-01  .68147158E+01
  -.40000000E-01  .63253149E+01
   .12351231E-14  .59103501E+01
   .40000000E-01  .55536564E+01
   .80000000E-01  .52434302E+01
   .12000000E+00  .49708514E+01
   .16000000E+00  .47291964E+01
   .20000000E+00  .45132504E+01
   .24000000E+00  .43189066E+01
   .28000000E+00  .41428866E+01
   .32000000E+00  .39825415E+01
   .36000000E+00  .38357079E+01
   .40000000E+00  .37006013E+01
   .44000000E+00  .35757367E+01
   .48000000E+00  .34598682E+01
   .52000000E+00  .33519428E+01
   .56000000E+00  .32510645E+01
   .60000000E+00  .31564658E+01
   .64000000E+00  .30674858E+01
   .68000000E+00  .29835519E+01
   .72000000E+00  .29041658E+01
   .76000000E+00  .28288918E+01
   .80000000E+00  .27573470E+01
   .84000000E+00  .26891939E+01
   .88000000E+00  .26241335E+01
   .92000000E+00  .25619000E+01
   .96000000E+00  .25022565E+01
   .10000000E+01  .24449912E+01
   .10400000E+01  .23899136E+01
   .10800000E+01  .23368526E+01
   .11200000E+01  .22856537E+01
   .11600000E+01  .22361768E+01
   .12000000E+01  .21882950E+01
   .12400000E+01  .21418930E+01
   .12800000E+01  .20968655E+01
   .13200000E+01  .20531163E+01
   .13600000E+01  .20105572E+01
   .14000000E+01  .19691077E+01
   .14400000E+01  .19286932E+01
   .14800000E+01  .18892455E+01
   .15200000E+01  .18507014E+01
   .15600000E+01  .18130024E+01
   .16000000E+01  .17760946E+01
   .16400000E+01  .17399278E+01
   .16800000E+01  .17044554E+01
   .17200000E+01  .16696339E+01
   .17600000E+01  .16354230E+01
   .18000000E+01  .16017850E+01
   .18400000E+01  .15686845E+01
   .18800000E+01  .15360885E+01
   .19200000E+01  .15039661E+01
   .19600000E+01  .14722881E+01
   .20000000E+01  .14410272E+01
Potential  L  =         .00000  -1.52079
  -.20000000E+01  .21909972E+00
  -.19600000E+01  .16174039E+00
  -.19200000E+01  .10067896E+00
  -.18800000E+01  .35461191E-01
  -.18400000E+01 -.34445756E-01
  -.18000000E+01 -.10967109E+00
  -.17600000E+01 -.19096324E+00
  -.17200000E+01 -.27921955E+00
  -.16800000E+01 -.37552526E+00
  -.16400000E+01 -.48120547E+00
  -.16000000E+01 -.59789533E+00
  -.15600000E+01 -.72763641E+00
  -.15200000E+01 -.87301141E+00
  -.14800000E+01 -.10373362E+01
  -.14400000E+01 -.12249403E+01
  -.14000000E+01 -.14415854E+01
  -.13600000E+01 -.16951126E+01
  -.13200000E+01 -.19964725E+01
  -.12800000E+01 -.23614364E+01
  -.12400000E+01 -.28135788E+01
  -.12000000E+01 -.33897830E+01
  -.11600000E+01 -.41511784E+01
  -.11200000E+01 -.52069821E+01
  -.10800000E+01 -.67733617E+01
  -.10400000E+01 -.93467898E+01
  -.10000000E+01 -.14376327E+02
  -.96000000E+00 -.28654526E+02
  -.92000000E+00 -.37964942E+03
  -.88000000E+00  .36299842E+02
  -.84000000E+00  .17884622E+02
  -.80000000E+00  .12093466E+02
  -.76000000E+00  .92533621E+01
  -.72000000E+00  .75630988E+01
  -.68000000E+00  .64394713E+01
  -.64000000E+00  .56366169E+01
  -.60000000E+00  .50329203E+01
  -.56000000E+00  .45613273E+01
  -.52000000E+00  .41818379E+01
  -.48000000E+00  .38691074E+01
  -.44000000E+00  .36062994E+01
  -.40000000E+00  .33817913E+01
  -.36000000E+00  .31873008E+01
  -.32000000E+00  .30167664E+01
  -.28000000E+00  .28656495E+01
  -.24000000E+00  .27304841E+01
  -.20000000E+00  .26085777E+01
  -.16000000E+00  .24978067E+01
  -.12000000E+00  .23964735E+01
  -.80000000E-01  .23032047E+01
  -.40000000E-01  .22168773E+01
   .12351231E-14  .21365637E+01
   .40000000E-01  .20614910E+01
   .80000000E-01  .19910099E+01
   .12000000E+00  .19245712E+01
   .16000000E+00  .18617064E+01
   .20000000E+00  .18020142E+01
   .24000000E+00  .17451479E+01
   .28000000E+00  .16908072E+01
   .32000000E+00  .16387298E+01
   .36000000E+00  .15886861E+01
   .40000000E+00  .15404739E+01
   .44000000E+00  .14939144E+01
   .48000000E+00  .14488488E+01
   .52000000E+00  .14051357E+01
   .56000000E+00  .13626484E+01
   .60000000E+00  .13212731E+01
   .64000000E+00  .12809074E+01
   .68000000E+00  .12414587E+01
   .72000000E+00  .12028428E+01
   .76000000E+00  .11649832E+01
   .80000000E+00  .11278101E+01
   .84000000E+00  .10912594E+01
   .88000000E+00  .10552724E+01
   .92000000E+00  .10197948E+01
   .96000000E+00  .98477671E+00
   .10000000E+01  .95017163E+00
   .10400000E+01  .91593646E+00
   .10800000E+01  .88203098E+00
   .11200000E+01  .84841759E+00
   .11600000E+01  .81506101E+00
   .12000000E+01  .78192807E+00
   .12400000E+01  .74898748E+00
   .12800000E+01  .71620962E+00
   .13200000E+01  .68356638E+00
   .13600000E+01  .65103097E+00
   .14000000E+01  .61857785E+00
   .14400000E+01  .58618237E+00
   .14800000E+01  .55382130E+00
   .15200000E+01  .52147183E+00
   .15600000E+01  .48911200E+00
   .16000000E+01  .45672053E+00
   .16400000E+01  .42427674E+00
   .16800000E+01  .39176039E+00
   .17200000E+01  .35915172E+00
   .17600000E+01  .32643128E+00
   .18000000E+01  .29358008E+00
   .18400000E+01  .26057885E+00
   .18800000E+01  .22740904E+00
   .19200000E+01  .19405199E+00
   .19600000E+01  .16048909E+00
   .20000000E+01  .12670180E+00
Core Pot   L  =        1.00000   -.63170
  -.20000000E+01  .83029581E+00
  -.19600000E+01  .80626111E+00
  -.19200000E+01  .78174399E+00
  -.18800000E+01  .75672333E+00
  -.18400000E+01  .73117671E+00
  -.18000000E+01  .70508029E+00
  -.17600000E+01  .67840870E+00
  -.17200000E+01  .65113495E+00
  -.16800000E+01  .62323023E+00
  -.16400000E+01  .59466382E+00
  -.16000000E+01  .56540289E+00
  -.15600000E+01  .53541234E+00
  -.15200000E+01  .50465456E+00
  -.14800000E+01  .47308923E+00
  -.14400000E+01  .44067309E+00
  -.14000000E+01  .40735961E+00
  -.13600000E+01  .37309871E+00
  -.13200000E+01  .33783643E+00
  -.12800000E+01  .30151450E+00
  -.12400000E+01  .26406992E+00
  -.12000000E+01  .22543449E+00
  -.11600000E+01  .18553422E+00
  -.11200000E+01  .14428875E+00
  -.10800000E+01  .10161059E+00
  -.10400000E+01  .57404346E-01
  -.10000000E+01  .11565802E-01
  -.96000000E+00 -.36019135E-01
  -.92000000E+00 -.85475636E-01
  -.88000000E+00 -.13694133E+00
  -.84000000E+00 -.19056788E+00
  -.80000000E+00 -.24652286E+00
  -.76000000E+00 -.30499187E+00
  -.72000000E+00 -.36618104E+00
  -.68000000E+00 -.43031993E+00
  -.64000000E+00 -.49766501E+00
  -.60000000E+00 -.56850371E+00
  -.56000000E+00 -.64315921E+00
  -.52000000E+00 -.72199620E+00
  -.48000000E+00 -.80542779E+00
  -.44000000E+00 -.89392384E+00
  -.40000000E+00 -.98802098E+00
  -.36000000E+00 -.10883350E+01
  -.32000000E+00 -.11955761E+01
  -.28000000E+00 -.13105673E+01
  -.24000000E+00 -.14342684E+01
  -.20000000E+00 -.15678051E+01
  -.16000000E+00 -.17125069E+01
  -.12000000E+00 -.18699550E+01
  -.80000000E-01 -.20420451E+01
  -.40000000E-01 -.22310700E+01
   .12351231E-14 -.24398284E+01
   .40000000E-01 -.26717738E+01
   .80000000E-01 -.29312170E+01
   .12000000E+00 -.32236101E+01
   .16000000E+00 -.35559512E+01
   .20000000E+00 -.39373739E+01
   .24000000E+00 -.43800295E+01
   .28000000E+00 -.49004453E+01
   .32000000E+00 -.55216896E+01
   .36000000E+00 -.62769631E+01
   .40000000E+00 -.72158486E+01
   .44000000E+00 -.84158362E+01
   .48000000E+00 -.10005175E+02
   .52000000E+00 -.12212569E+02
   .56000000E+00 -.15489496E+02
   .60000000E+00 -.20868744E+02
   .64000000E+00 -.31344176E+02
   .68000000E+00 -.60731700E+02
   .72000000E+00 -.64136889E+03
   .76000000E+00  .77774413E+02
   .80000000E+00  .37281912E+02
   .84000000E+00  .24770552E+02
   .88000000E+00  .18679962E+02
   .92000000E+00  .15073739E+02
   .96000000E+00  .12687206E+02
   .10000000E+01  .10989531E+02
   .10400000E+01  .97188811E+01
   .10800000E+01  .87311890E+01
   .11200000E+01  .79406341E+01
   .11600000E+01  .72929085E+01
   .12000000E+01  .67519689E+01
   .12400000E+01  .62929537E+01
   .12800000E+01  .58981589E+01
   .13200000E+01  .55546352E+01
   .13600000E+01  .52526921E+01
   .14000000E+01  .49849333E+01
   .14400000E+01  .47456159E+01
   .14800000E+01  .45302126E+01
   .15200000E+01  .43351063E+01
   .15600000E+01  .41573721E+01
   .16000000E+01  .39946194E+01
   .16400000E+01  .38448752E+01
   .16800000E+01  .37064966E+01
   .17200000E+01  .35781045E+01
   .17600000E+01  .34585326E+01
   .18000000E+01  .33467882E+01
   .18400000E+01  .32420206E+01
   .18800000E+01  .31434968E+01
   .19200000E+01  .30505817E+01
   .19600000E+01  .29627223E+01
   .20000000E+01  .28794348E+01
Potential  L  =        1.00000   -.63170
  -.20000000E+01  .85715723E+00
  -.19600000E+01  .83330976E+00
  -.19200000E+01  .80897041E+00
  -.18800000E+01  .78411670E+00
  -.18400000E+01  .75872468E+00
  -.18000000E+01  .73276884E+00
  -.17600000E+01  .70622194E+00
  -.17200000E+01  .67905489E+00
  -.16800000E+01  .65123658E+00
  -.16400000E+01  .62273370E+00
  -.16000000E+01  .59351060E+00
  -.15600000E+01  .56352878E+00
  -.15200000E+01  .53274713E+00
  -.14800000E+01  .50112130E+00
  -.14400000E+01  .46860347E+00
  -.14000000E+01  .43514205E+00
  -.13600000E+01  .40068126E+00
  -.13200000E+01  .36516071E+00
  -.12800000E+01  .32851481E+00
  -.12400000E+01  .29067253E+00
  -.12000000E+01  .25155634E+00
  -.11600000E+01  .21108181E+00
  -.11200000E+01  .16915664E+00
  -.10800000E+01  .12567985E+00
  -.10400000E+01  .80540626E-01
  -.10000000E+01  .33617124E-01
  -.96000000E+00 -.15224927E-01
  -.92000000E+00 -.66133869E-01
  -.88000000E+00 -.11927400E+00
  -.84000000E+00 -.17482782E+00
  -.80000000E+00 -.23299855E+00
  -.76000000E+00 -.29401325E+00
  -.72000000E+00 -.35812640E+00
  -.68000000E+00 -.42562414E+00
  -.64000000E+00 -.49682938E+00
  -.60000000E+00 -.57210793E+00
  -.56000000E+00 -.65187586E+00
  -.52000000E+00 -.73660843E+00
  -.48000000E+00 -.82685104E+00
  -.44000000E+00 -.92323269E+00
  -.40000000E+00 -.10264826E+01
  -.36000000E+00 -.11374510E+01
  -.32000000E+00 -.12571355E+01
  -.28000000E+00 -.13867142E+01
  -.24000000E+00 -.15275887E+01
  -.20000000E+00 -.16814396E+01
  -.16000000E+00 -.18502999E+01
  -.12000000E+00 -.20366520E+01
  -.80000000E-01 -.22435595E+01
  -.40000000E-01 -.24748479E+01
   .12351231E-14 -.27353571E+01
   .40000000E-01 -.30313016E+01
   .80000000E-01 -.33707958E+01
   .12000000E+00 -.37646404E+01
   .16000000E+00 -.42275342E+01
   .20000000E+00 -.47800071E+01
   .24000000E+00 -.54516306E+01
   .28000000E+00 -.62866112E+01
   .32000000E+00 -.73541219E+01
   .36000000E+00 -.87688266E+01
   .40000000E+00 -.10735633E+02
   .44000000E+00 -.13660226E+02
   .48000000E+00 -.18474748E+02
   .52000000E+00 -.27901917E+02
   .56000000E+00 -.54726827E+02
   .60000000E+00 -.73285481E+03
   .64000000E+00  .66933968E+02
   .68000000E+00  .32581831E+02
   .72000000E+00  .21768859E+02
   .76000000E+00  .16469595E+02
   .80000000E+00  .13320385E+02
   .84000000E+00  .11231210E+02
   .88000000E+00  .97423334E+01
   .92000000E+00  .86262755E+01
   .96000000E+00  .77575923E+01
   .10000000E+01  .70614338E+01
   .10400000E+01  .64903729E+01
   .10800000E+01  .60129004E+01
   .11200000E+01  .56072638E+01
   .11600000E+01  .52579620E+01
   .12000000E+01  .49536513E+01
   .12400000E+01  .46858353E+01
   .12800000E+01  .44480294E+01
   .13200000E+01  .42351949E+01
   .13600000E+01  .40433585E+01
   .14000000E+01  .38693447E+01
   .14400000E+01  .37105848E+01
   .14800000E+01  .35649790E+01
   .15200000E+01  .34307936E+01
   .15600000E+01  .33065846E+01
   .16000000E+01  .31911397E+01
   .16400000E+01  .30834335E+01
   .16800000E+01  .29825927E+01
   .17200000E+01  .28878689E+01
   .17600000E+01  .27986172E+01
   .18000000E+01  .27142786E+01
   .18400000E+01  .26343662E+01
   .18800000E+01  .25584541E+01
   .19200000E+01  .24861677E+01
   .19600000E+01  .24171768E+01
   .20000000E+01  .23511883E+01
Core Pot   L  =        2.00000   -.60000
  -.20000000E+01  .14420598E+01
  -.19600000E+01  .14281548E+01
  -.19200000E+01  .14141244E+01
  -.18800000E+01  .13999657E+01
  -.18400000E+01  .13856756E+01
  -.18000000E+01  .13712509E+01
  -.17600000E+01  .13566881E+01
  -.17200000E+01  .13419839E+01
  -.16800000E+01  .13271346E+01
  -.16400000E+01  .13121365E+01
  -.16000000E+01  .12969857E+01
  -.15600000E+01  .12816781E+01
  -.15200000E+01  .12662096E+01
  -.14800000E+01  .12505758E+01
  -.14400000E+01  .12347721E+01
  -.14000000E+01  .12187939E+01
  -.13600000E+01  .12026361E+01
  -.13200000E+01  .11862937E+01
  -.12800000E+01  .11697614E+01
  -.12400000E+01  .11530335E+01
  -.12000000E+01  .11361042E+01
  -.11600000E+01  .11189674E+01
  -.11200000E+01  .11016169E+01
  -.10800000E+01  .10840460E+01
  -.10400000E+01  .10662477E+01
  -.10000000E+01  .10482148E+01
  -.96000000E+00  .10299397E+01
  -.92000000E+00  .10114145E+01
  -.88000000E+00  .99263087E+00
  -.84000000E+00  .97358001E+00
  -.80000000E+00  .95425279E+00
  -.76000000E+00  .93463959E+00
  -.72000000E+00  .91473031E+00
  -.68000000E+00  .89451431E+00
  -.64000000E+00  .87398042E+00
  -.60000000E+00  .85311686E+00
  -.56000000E+00  .83191126E+00
  -.52000000E+00  .81035052E+00
  -.48000000E+00  .78842086E+00
  -.44000000E+00  .76610771E+00
  -.40000000E+00  .74339570E+00
  -.36000000E+00  .72026854E+00
  -.32000000E+00  .69670901E+00
  -.28000000E+00  .67269885E+00
  -.24000000E+00  .64821871E+00
  -.20000000E+00  .62324805E+00
  -.16000000E+00  .59776504E+00
  -.12000000E+00  .57174649E+00
  -.80000000E-01  .54516769E+00
  -.40000000E-01  .51800232E+00
   .12351231E-14  .49022230E+00
   .40000000E-01  .46179764E+00
   .80000000E-01  .43269629E+00
   .12000000E+00  .40288394E+00
   .16000000E+00  .37232381E+00
   .20000000E+00  .34097644E+00
   .24000000E+00  .30879944E+00
   .28000000E+00  .27574719E+00
   .32000000E+00  .24177055E+00
   .36000000E+00  .20681648E+00
   .40000000E+00  .17082768E+00
   .44000000E+00  .13374213E+00
   .48000000E+00  .95492590E-01
   .52000000E+00  .56006041E-01
   .56000000E+00  .15203048E-01
   .60000000E+00 -.27002964E-01
   .64000000E+00 -.70706536E-01
   .68000000E+00 -.11601111E+00
   .72000000E+00 -.16303013E+00
   .76000000E+00 -.21188824E+00
   .80000000E+00 -.26272274E+00
   .84000000E+00 -.31568524E+00
   .88000000E+00 -.37094357E+00
   .92000000E+00 -.42868401E+00
   .96000000E+00 -.48911391E+00
   .10000000E+01 -.55246475E+00
   .10400000E+01 -.61899578E+00
   .10800000E+01 -.68899835E+00
   .11200000E+01 -.76280094E+00
   .11600000E+01 -.84077540E+00
   .12000000E+01 -.92334431E+00
   .12400000E+01 -.10109899E+01
   .12800000E+01 -.11042652E+01
   .13200000E+01 -.12038070E+01
   .13600000E+01 -.13103531E+01
   .14000000E+01 -.14247626E+01
   .14400000E+01 -.15480422E+01
   .14800000E+01 -.16813791E+01
   .15200000E+01 -.18261836E+01
   .15600000E+01 -.19841443E+01
   .16000000E+01 -.21572995E+01
   .16400000E+01 -.23481340E+01
   .16800000E+01 -.25597073E+01
   .17200000E+01 -.27958306E+01
   .17600000E+01 -.30613126E+01
   .18000000E+01 -.33623092E+01
   .18400000E+01 -.37068301E+01
   .18800000E+01 -.41054943E+01
   .19200000E+01 -.45726862E+01
   .19600000E+01 -.51283882E+01
   .20000000E+01 -.58011961E+01
Potential  L  =        2.00000   -.60000
  -.20000000E+01  .14352373E+01
  -.19600000E+01  .14213150E+01
  -.19200000E+01  .14072725E+01
  -.18800000E+01  .13931070E+01
  -.18400000E+01  .13788159E+01
  -.18000000E+01  .13643963E+01
  -.17600000E+01  .13498453E+01
  -.17200000E+01  .13351600E+01
  -.16800000E+01  .13203372E+01
  -.16400000E+01  .13053737E+01
  -.16000000E+01  .12902662E+01
  -.15600000E+01  .12750113E+01
  -.15200000E+01  .12596054E+01
  -.14800000E+01  .12440448E+01
  -.14400000E+01  .12283258E+01
  -.14000000E+01  .12124444E+01
  -.13600000E+01  .11963965E+01
  -.13200000E+01  .11801778E+01
  -.12800000E+01  .11637841E+01
  -.12400000E+01  .11472107E+01
  -.12000000E+01  .11304529E+01
  -.11600000E+01  .11135058E+01
  -.11200000E+01  .10963643E+01
  -.10800000E+01  .10790231E+01
  -.10400000E+01  .10614767E+01
  -.10000000E+01  .10437194E+01
  -.96000000E+00  .10257453E+01
  -.92000000E+00  .10075481E+01
  -.88000000E+00  .98912143E+00
  -.84000000E+00  .97045855E+00
  -.80000000E+00  .95155248E+00
  -.76000000E+00  .93239593E+00
  -.72000000E+00  .91298131E+00
  -.68000000E+00  .89330067E+00
  -.64000000E+00  .87334572E+00
  -.60000000E+00  .85310783E+00
  -.56000000E+00  .83257796E+00
  -.52000000E+00  .81174667E+00
  -.48000000E+00  .79060408E+00
  -.44000000E+00  .76913984E+00
  -.40000000E+00  .74734312E+00
  -.36000000E+00  .72520259E+00
  -.32000000E+00  .70270634E+00
  -.28000000E+00  .67984190E+00
  -.24000000E+00  .65659618E+00
  -.20000000E+00  .63295542E+00
  -.16000000E+00  .60890516E+00
  -.12000000E+00  .58443021E+00
  -.80000000E-01  .55951461E+00
  -.40000000E-01  .53414144E+00
   .12351231E-14  .50829299E+00
   .40000000E-01  .48195055E+00
   .80000000E-01  .45509437E+00
   .12000000E+00  .42770359E+00
   .16000000E+00  .39975615E+00
   .20000000E+00  .37122877E+00
   .24000000E+00  .34209673E+00
   .28000000E+00  .31233389E+00
   .32000000E+00  .28191252E+00
   .36000000E+00  .25080316E+00
   .40000000E+00  .21897455E+00
   .44000000E+00  .18639343E+00
   .48000000E+00  .15302440E+00
   .52000000E+00  .11882974E+00
   .56000000E+00  .83769212E-01
   .60000000E+00  .47799861E-01
   .64000000E+00  .10875759E-01
   .68000000E+00 -.27052240E-01
   .72000000E+00 -.66036793E-01
   .76000000E+00 -.10613439E+00
   .80000000E+00 -.14740573E+00
   .84000000E+00 -.18991606E+00
   .88000000E+00 -.23373569E+00
   .92000000E+00 -.27894045E+00
   .96000000E+00 -.32561223E+00
   .10000000E+01 -.37383965E+00
   .10400000E+01 -.42371871E+00
   .10800000E+01 -.47535364E+00
   .11200000E+01 -.52885773E+00
   .11600000E+01 -.58435439E+00
   .12000000E+01 -.64197831E+00
   .12400000E+01 -.70187674E+00
   .12800000E+01 -.76421103E+00
   .13200000E+01 -.82915833E+00
   .13600000E+01 -.89691363E+00
   .14000000E+01 -.96769198E+00
   .14400000E+01 -.10417312E+01
   .14800000E+01 -.11192951E+01
   .15200000E+01 -.12006767E+01
   .15600000E+01 -.12862031E+01
   .16000000E+01 -.13762398E+01
   .16400000E+01 -.14711970E+01
   .16800000E+01 -.15715368E+01
   .17200000E+01 -.16777811E+01
   .17600000E+01 -.17905221E+01
   .18000000E+01 -.19104343E+01
   .18400000E+01 -.20382894E+01
   .18800000E+01 -.21749745E+01
   .19200000E+01 -.23215146E+01
   .19600000E+01 -.24791003E+01
   .20000000E+01 -.26491226E+01
Core Pot   L  =        3.00000    .00000
  -.20000000E+01  .19818325E+01
  -.19600000E+01  .19723222E+01
  -.19200000E+01  .19627739E+01
  -.18800000E+01  .19531873E+01
  -.18400000E+01  .19435620E+01
  -.18000000E+01  .19338974E+01
  -.17600000E+01  .19241933E+01
  -.17200000E+01  .19144492E+01
  -.16800000E+01  .19046646E+01
  -.16400000E+01  .18948392E+01
  -.16000000E+01  .18849724E+01
  -.15600000E+01  .18750638E+01
  -.15200000E+01  .18651129E+01
  -.14800000E+01  .18551193E+01
  -.14400000E+01  .18450825E+01
  -.14000000E+01  .18350019E+01
  -.13600000E+01  .18248772E+01
  -.13200000E+01  .18147077E+01
  -.12800000E+01  .18044931E+01
  -.12400000E+01  .17942326E+01
  -.12000000E+01  .17839259E+01
  -.11600000E+01  .17735723E+01
  -.11200000E+01  .17631714E+01
  -.10800000E+01  .17527225E+01
  -.10400000E+01  .17422251E+01
  -.10000000E+01  .17316786E+01
  -.96000000E+00  .17210824E+01
  -.92000000E+00  .17104360E+01
  -.88000000E+00  .16997386E+01
  -.84000000E+00  .16889896E+01
  -.80000000E+00  .16781885E+01
  -.76000000E+00  .16673345E+01
  -.72000000E+00  .16564271E+01
  -.68000000E+00  .16454655E+01
  -.64000000E+00  .16344490E+01
  -.60000000E+00  .16233770E+01
  -.56000000E+00  .16122488E+01
  -.52000000E+00  .16010635E+01
  -.48000000E+00  .15898205E+01
  -.44000000E+00  .15785190E+01
  -.40000000E+00  .15671582E+01
  -.36000000E+00  .15557374E+01
  -.32000000E+00  .15442558E+01
  -.28000000E+00  .15327124E+01
  -.24000000E+00  .15211066E+01
  -.20000000E+00  .15094374E+01
  -.16000000E+00  .14977040E+01
  -.12000000E+00  .14859054E+01
  -.80000000E-01  .14740409E+01
  -.40000000E-01  .14621094E+01
   .12351231E-14  .14501100E+01
   .40000000E-01  .14380418E+01
   .80000000E-01  .14259038E+01
   .12000000E+00  .14136949E+01
   .16000000E+00  .14014142E+01
   .20000000E+00  .13890606E+01
   .24000000E+00  .13766330E+01
   .28000000E+00  .13641304E+01
   .32000000E+00  .13515515E+01
   .36000000E+00  .13388954E+01
   .40000000E+00  .13261608E+01
   .44000000E+00  .13133465E+01
   .48000000E+00  .13004513E+01
   .52000000E+00  .12874740E+01
   .56000000E+00  .12744133E+01
   .60000000E+00  .12612679E+01
   .64000000E+00  .12480364E+01
   .68000000E+00  .12347175E+01
   .72000000E+00  .12213098E+01
   .76000000E+00  .12078118E+01
   .80000000E+00  .11942222E+01
   .84000000E+00  .11805394E+01
   .88000000E+00  .11667618E+01
   .92000000E+00  .11528880E+01
   .96000000E+00  .11389162E+01
   .10000000E+01  .11248449E+01
   .10400000E+01  .11106724E+01
   .10800000E+01  .10963969E+01
   .11200000E+01  .10820166E+01
   .11600000E+01  .10675298E+01
   .12000000E+01  .10529346E+01
   .12400000E+01  .10382291E+01
   .12800000E+01  .10234113E+01
   .13200000E+01  .10084792E+01
   .13600000E+01  .99343073E+00
   .14000000E+01  .97826381E+00
   .14400000E+01  .96297624E+00
   .14800000E+01  .94756581E+00
   .15200000E+01  .93203023E+00
   .15600000E+01  .91636714E+00
   .16000000E+01  .90057413E+00
   .16400000E+01  .88464873E+00
   .16800000E+01  .86858838E+00
   .17200000E+01  .85239046E+00
   .17600000E+01  .83605229E+00
   .18000000E+01  .81957110E+00
   .18400000E+01  .80294403E+00
   .18800000E+01  .78616817E+00
   .19200000E+01  .76924049E+00
   .19600000E+01  .75215790E+00
   .20000000E+01  .73491721E+00
Potential  L  =        3.00000    .00000
  -.20000000E+01  .19780890E+01
  -.19600000E+01  .19684932E+01
  -.19200000E+01  .19588580E+01
  -.18800000E+01  .19491829E+01
  -.18400000E+01  .19394674E+01
  -.18000000E+01  .19297113E+01
  -.17600000E+01  .19199139E+01
  -.17200000E+01  .19100748E+01
  -.16800000E+01  .19001937E+01
  -.16400000E+01  .18902699E+01
  -.16000000E+01  .18803030E+01
  -.15600000E+01  .18702925E+01
  -.15200000E+01  .18602379E+01
  -.14800000E+01  .18501387E+01
  -.14400000E+01  .18399944E+01
  -.14000000E+01  .18298044E+01
  -.13600000E+01  .18195683E+01
  -.13200000E+01  .18092854E+01
  -.12800000E+01  .17989552E+01
  -.12400000E+01  .17885771E+01
  -.12000000E+01  .17781506E+01
  -.11600000E+01  .17676751E+01
  -.11200000E+01  .17571499E+01
  -.10800000E+01  .17465745E+01
  -.10400000E+01  .17359482E+01
  -.10000000E+01  .17252704E+01
  -.96000000E+00  .17145405E+01
  -.92000000E+00  .17037577E+01
  -.88000000E+00  .16929215E+01
  -.84000000E+00  .16820312E+01
  -.80000000E+00  .16710859E+01
  -.76000000E+00  .16600852E+01
  -.72000000E+00  .16490281E+01
  -.68000000E+00  .16379140E+01
  -.64000000E+00  .16267422E+01
  -.60000000E+00  .16155118E+01
  -.56000000E+00  .16042221E+01
  -.52000000E+00  .15928723E+01
  -.48000000E+00  .15814615E+01
  -.44000000E+00  .15699890E+01
  -.40000000E+00  .15584539E+01
  -.36000000E+00  .15468553E+01
  -.32000000E+00  .15351924E+01
  -.28000000E+00  .15234642E+01
  -.24000000E+00  .15116699E+01
  -.20000000E+00  .14998084E+01
  -.16000000E+00  .14878789E+01
  -.12000000E+00  .14758804E+01
  -.80000000E-01  .14638118E+01
  -.40000000E-01  .14516722E+01
   .12351231E-14  .14394604E+01
   .40000000E-01  .14271756E+01
   .80000000E-01  .14148164E+01
   .12000000E+00  .14023819E+01
   .16000000E+00  .13898710E+01
   .20000000E+00  .13772824E+01
   .24000000E+00  .13646149E+01
   .28000000E+00  .13518674E+01
   .32000000E+00  .13390386E+01
   .36000000E+00  .13261272E+01
   .40000000E+00  .13131320E+01
   .44000000E+00  .13000516E+01
   .48000000E+00  .12868847E+01
   .52000000E+00  .12736298E+01
   .56000000E+00  .12602856E+01
   .60000000E+00  .12468506E+01
   .64000000E+00  .12333233E+01
   .68000000E+00  .12197021E+01
   .72000000E+00  .12059856E+01
   .76000000E+00  .11921720E+01
   .80000000E+00  .11782598E+01
   .84000000E+00  .11642473E+01
   .88000000E+00  .11501328E+01
   .92000000E+00  .11359145E+01
   .96000000E+00  .11215905E+01
   .10000000E+01  .11071591E+01
   .10400000E+01  .10926183E+01
   .10800000E+01  .10779661E+01
   .11200000E+01  .10632006E+01
   .11600000E+01  .10483198E+01
   .12000000E+01  .10333214E+01
   .12400000E+01  .10182034E+01
   .12800000E+01  .10029634E+01
   .13200000E+01  .98759932E+00
   .13600000E+01  .97210871E+00
   .14000000E+01  .95648916E+00
   .14400000E+01  .94073822E+00
   .14800000E+01  .92485333E+00
   .15200000E+01  .90883189E+00
   .15600000E+01  .89267119E+00
   .16000000E+01  .87636849E+00
   .16400000E+01  .85992094E+00
   .16800000E+01  .84332561E+00
   .17200000E+01  .82657950E+00
   .17600000E+01  .80967951E+00
   .18000000E+01  .79262245E+00
   .18400000E+01  .77540505E+00
   .18800000E+01  .75802391E+00
   .19200000E+01  .74047557E+00
   .19600000E+01  .72275643E+00
   .20000000E+01  .70486279E+00
Core Pot   L  =        4.00000    .00000
  -.20000000E+01  .24645208E+01
  -.19600000E+01  .24569048E+01
  -.19200000E+01  .24492694E+01
  -.18800000E+01  .24416128E+01
  -.18400000E+01  .24339378E+01
  -.18000000E+01  .24262442E+01
  -.17600000E+01  .24185289E+01
  -.17200000E+01  .24107937E+01
  -.16800000E+01  .24030380E+01
  -.16400000E+01  .23952603E+01
  -.16000000E+01  .23874650E+01
  -.15600000E+01  .23796472E+01
  -.15200000E+01  .23718088E+01
  -.14800000E+01  .23639475E+01
  -.14400000E+01  .23560684E+01
  -.14000000E+01  .23481656E+01
  -.13600000E+01  .23402421E+01
  -.13200000E+01  .23322962E+01
  -.12800000E+01  .23243279E+01
  -.12400000E+01  .23163396E+01
  -.12000000E+01  .23083275E+01
  -.11600000E+01  .23002941E+01
  -.11200000E+01  .22922362E+01
  -.10800000E+01  .22841582E+01
  -.10400000E+01  .22760562E+01
  -.10000000E+01  .22679314E+01
  -.96000000E+00  .22597817E+01
  -.92000000E+00  .22516115E+01
  -.88000000E+00  .22434161E+01
  -.84000000E+00  .22351974E+01
  -.80000000E+00  .22269536E+01
  -.76000000E+00  .22186879E+01
  -.72000000E+00  .22103968E+01
  -.68000000E+00  .22020815E+01
  -.64000000E+00  .21937401E+01
  -.60000000E+00  .21853764E+01
  -.56000000E+00  .21769861E+01
  -.52000000E+00  .21685711E+01
  -.48000000E+00  .21601306E+01
  -.44000000E+00  .21516642E+01
  -.40000000E+00  .21431719E+01
  -.36000000E+00  .21346540E+01
  -.32000000E+00  .21261098E+01
  -.28000000E+00  .21175388E+01
  -.24000000E+00  .21089415E+01
  -.20000000E+00  .21003172E+01
  -.16000000E+00  .20916658E+01
  -.12000000E+00  .20829872E+01
  -.80000000E-01  .20742811E+01
  -.40000000E-01  .20655469E+01
   .12351231E-14  .20567848E+01
   .40000000E-01  .20479948E+01
   .80000000E-01  .20391760E+01
   .12000000E+00  .20303287E+01
   .16000000E+00  .20214526E+01
   .20000000E+00  .20125471E+01
   .24000000E+00  .20036122E+01
   .28000000E+00  .19946477E+01
   .32000000E+00  .19856533E+01
   .36000000E+00  .19766287E+01
   .40000000E+00  .19675736E+01
   .44000000E+00  .19584879E+01
   .48000000E+00  .19493711E+01
   .52000000E+00  .19402232E+01
   .56000000E+00  .19310436E+01
   .60000000E+00  .19218324E+01
   .64000000E+00  .19125890E+01
   .68000000E+00  .19033133E+01
   .72000000E+00  .18940049E+01
   .76000000E+00  .18846636E+01
   .80000000E+00  .18752890E+01
   .84000000E+00  .18658810E+01
   .88000000E+00  .18564391E+01
   .92000000E+00  .18469631E+01
   .96000000E+00  .18374526E+01
   .10000000E+01  .18279073E+01
   .10400000E+01  .18183269E+01
   .10800000E+01  .18087111E+01
   .11200000E+01  .17990596E+01
   .11600000E+01  .17893720E+01
   .12000000E+01  .17796480E+01
   .12400000E+01  .17698872E+01
   .12800000E+01  .17600893E+01
   .13200000E+01  .17502539E+01
   .13600000E+01  .17403807E+01
   .14000000E+01  .17304693E+01
   .14400000E+01  .17205194E+01
   .14800000E+01  .17105305E+01
   .15200000E+01  .17005023E+01
   .15600000E+01  .16904344E+01
   .16000000E+01  .16803264E+01
   .16400000E+01  .16701780E+01
   .16800000E+01  .16599886E+01
   .17200000E+01  .16497579E+01
   .17600000E+01  .16394856E+01
   .18000000E+01  .16291711E+01
   .18400000E+01  .16188140E+01
   .18800000E+01  .16084140E+01
   .19200000E+01  .15979705E+01
   .19600000E+01  .15874831E+01
   .20000000E+01  .15769514E+01
Potential  L  =        4.00000    .00000
  -.20000000E+01  .24649221E+01
  -.19600000E+01  .24572871E+01
  -.19200000E+01  .24496324E+01
  -.18800000E+01  .24419576E+01
  -.18400000E+01  .24342631E+01
  -.18000000E+01  .24265480E+01
  -.17600000E+01  .24188125E+01
  -.17200000E+01  .24110565E+01
  -.16800000E+01  .24032799E+01
  -.16400000E+01  .23954823E+01
  -.16000000E+01  .23876639E+01
  -.15600000E+01  .23798242E+01
  -.15200000E+01  .23719633E+01
  -.14800000E+01  .23640808E+01
  -.14400000E+01  .23561770E+01
  -.14000000E+01  .23482511E+01
  -.13600000E+01  .23403036E+01
  -.13200000E+01  .23323336E+01
  -.12800000E+01  .23243418E+01
  -.12400000E+01  .23163272E+01
  -.12000000E+01  .23082902E+01
  -.11600000E+01  .23002307E+01
  -.11200000E+01  .22921478E+01
  -.10800000E+01  .22840421E+01
  -.10400000E+01  .22759130E+01
  -.10000000E+01  .22677605E+01
  -.96000000E+00  .22595845E+01
  -.92000000E+00  .22513845E+01
  -.88000000E+00  .22431606E+01
  -.84000000E+00  .22349126E+01
  -.80000000E+00  .22266400E+01
  -.76000000E+00  .22183431E+01
  -.72000000E+00  .22100213E+01
  -.68000000E+00  .22016746E+01
  -.64000000E+00  .21933027E+01
  -.60000000E+00  .21849055E+01
  -.56000000E+00  .21764827E+01
  -.52000000E+00  .21680342E+01
  -.48000000E+00  .21595597E+01
  -.44000000E+00  .21510593E+01
  -.40000000E+00  .21425322E+01
  -.36000000E+00  .21339786E+01
  -.32000000E+00  .21253983E+01
  -.28000000E+00  .21167909E+01
  -.24000000E+00  .21081562E+01
  -.20000000E+00  .20994940E+01
  -.16000000E+00  .20908043E+01
  -.12000000E+00  .20820865E+01
  -.80000000E-01  .20733406E+01
  -.40000000E-01  .20645662E+01
   .12351231E-14  .20557633E+01
   .40000000E-01  .20469314E+01
   .80000000E-01  .20380703E+01
   .12000000E+00  .20291800E+01
   .16000000E+00  .20202599E+01
   .20000000E+00  .20113100E+01
   .24000000E+00  .20023299E+01
   .28000000E+00  .19933195E+01
   .32000000E+00  .19842783E+01
   .36000000E+00  .19752061E+01
   .40000000E+00  .19661028E+01
   .44000000E+00  .19569679E+01
   .48000000E+00  .19478013E+01
   .52000000E+00  .19386026E+01
   .56000000E+00  .19293716E+01
   .60000000E+00  .19201079E+01
   .64000000E+00  .19108113E+01
   .68000000E+00  .19014814E+01
   .72000000E+00  .18921180E+01
   .76000000E+00  .18827207E+01
   .80000000E+00  .18732893E+01
   .84000000E+00  .18638234E+01
   .88000000E+00  .18543227E+01
   .92000000E+00  .18447868E+01
   .96000000E+00  .18352155E+01
   .10000000E+01  .18256084E+01
   .10400000E+01  .18159651E+01
   .10800000E+01  .18062854E+01
   .11200000E+01  .17965688E+01
   .11600000E+01  .17868151E+01
   .12000000E+01  .17770238E+01
   .12400000E+01  .17671945E+01
   .12800000E+01  .17573270E+01
   .13200000E+01  .17474209E+01
   .13600000E+01  .17374757E+01
   .14000000E+01  .17274911E+01
   .14400000E+01  .17174667E+01
   .14800000E+01  .17074020E+01
   .15200000E+01  .16972968E+01
   .15600000E+01  .16871505E+01
   .16000000E+01  .16769627E+01
   .16400000E+01  .16667331E+01
   .16800000E+01  .16564612E+01
   .17200000E+01  .16461466E+01
   .17600000E+01  .16357888E+01
   .18000000E+01  .16253874E+01
   .18400000E+01  .16149419E+01
   .18800000E+01  .16044518E+01
   .19200000E+01  .15939167E+01
   .19600000E+01  .15833362E+01
   .20000000E+01  .15727096E+01
KBPotential  L  =       .00000  -3.04157
  -.20000000E+01  .30253214E-01
  -.19600000E+01 -.24879994E-01
  -.19200000E+01 -.82632827E-01
  -.18800000E+01 -.14323249E+00
  -.18400000E+01 -.20693342E+00
  -.18000000E+01 -.27402213E+00
  -.17600000E+01 -.34482131E+00
  -.17200000E+01 -.41969659E+00
  -.16800000E+01 -.49906373E+00
  -.16400000E+01 -.58339741E+00
  -.16000000E+01 -.67324220E+00
  -.15600000E+01 -.76922580E+00
  -.15200000E+01 -.87207576E+00
  -.14800000E+01 -.98263955E+00
  -.14400000E+01 -.11019113E+01
  -.14000000E+01 -.12310642E+01
  -.13600000E+01 -.13714931E+01
  -.13200000E+01 -.15248694E+01
  -.12800000E+01 -.16932129E+01
  -.12400000E+01 -.18789882E+01
  -.12000000E+01 -.20852336E+01
  -.11600000E+01 -.23157389E+01
  -.11200000E+01 -.25752930E+01
  -.10800000E+01 -.28700360E+01
  -.10400000E+01 -.32079725E+01
  -.10000000E+01 -.35997373E+01
  -.96000000E+00 -.40597724E+01
  -.92000000E+00 -.46081982E+01
  -.88000000E+00 -.52739089E+01
  -.84000000E+00 -.60999401E+01
  -.80000000E+00 -.71533263E+01
  -.76000000E+00 -.85445401E+01
  -.72000000E+00 -.10469479E+02
  -.68000000E+00 -.13311825E+02
  -.64000000E+00 -.17938968E+02
  -.60000000E+00 -.26815093E+02
  -.56000000E+00 -.50808654E+02
  -.52000000E+00 -.35233550E+03
  -.48000000E+00  .75163134E+02
  -.44000000E+00  .34715289E+02
  -.40000000E+00  .22873018E+02
  -.36000000E+00  .17213281E+02
  -.32000000E+00  .13893715E+02
  -.28000000E+00  .11709503E+02
  -.24000000E+00  .10161723E+02
  -.20000000E+00  .90064211E+01
  -.16000000E+00  .81101915E+01
  -.12000000E+00  .73939275E+01
  -.80000000E-01  .68077478E+01
  -.40000000E-01  .63186411E+01
   .12351231E-14  .59038897E+01
   .40000000E-01  .55473480E+01
   .80000000E-01  .52372254E+01
   .12000000E+00  .49647112E+01
   .16000000E+00  .47230890E+01
   .20000000E+00  .45071490E+01
   .24000000E+00  .43127883E+01
   .28000000E+00  .41367313E+01
   .32000000E+00  .39763316E+01
   .36000000E+00  .38294273E+01
   .40000000E+00  .36942356E+01
   .44000000E+00  .35692724E+01
   .48000000E+00  .34532928E+01
   .52000000E+00  .33452444E+01
   .56000000E+00  .32442317E+01
   .60000000E+00  .31494877E+01
   .64000000E+00  .30603517E+01
   .68000000E+00  .29762514E+01
   .72000000E+00  .28966887E+01
   .76000000E+00  .28212278E+01
   .80000000E+00  .27494861E+01
   .84000000E+00  .26811258E+01
   .88000000E+00  .26158481E+01
   .92000000E+00  .25533870E+01
   .96000000E+00  .24935057E+01
   .10000000E+01  .24359918E+01
   .10400000E+01  .23806551E+01
   .10800000E+01  .23273241E+01
   .11200000E+01  .22758440E+01
   .11600000E+01  .22260746E+01
   .12000000E+01  .21778888E+01
   .12400000E+01  .21311709E+01
   .12800000E+01  .20858152E+01
   .13200000E+01  .20417253E+01
   .13600000E+01  .19988127E+01
   .14000000E+01  .19569964E+01
   .14400000E+01  .19162016E+01
   .14800000E+01  .18763596E+01
   .15200000E+01  .18374066E+01
   .15600000E+01  .17992840E+01
   .16000000E+01  .17619372E+01
   .16400000E+01  .17253155E+01
   .16800000E+01  .16893718E+01
   .17200000E+01  .16540622E+01
   .17600000E+01  .16193458E+01
   .18000000E+01  .15851842E+01
   .18400000E+01  .15515414E+01
   .18800000E+01  .15183840E+01
   .19200000E+01  .14856801E+01
   .19600000E+01  .14534001E+01
   .20000000E+01  .14215160E+01
KBPotential  L  =      1.00000  -1.26341
  -.20000000E+01  .83025832E+00
  -.19600000E+01  .80622461E+00
  -.19200000E+01  .78170844E+00
  -.18800000E+01  .75668869E+00
  -.18400000E+01  .73114293E+00
  -.18000000E+01  .70504733E+00
  -.17600000E+01  .67837652E+00
  -.17200000E+01  .65110349E+00
  -.16800000E+01  .62319945E+00
  -.16400000E+01  .59463368E+00
  -.16000000E+01  .56537334E+00
  -.15600000E+01  .53538331E+00
  -.15200000E+01  .50462601E+00
  -.14800000E+01  .47306111E+00
  -.14400000E+01  .44064533E+00
  -.14000000E+01  .40733217E+00
  -.13600000E+01  .37307154E+00
  -.13200000E+01  .33780945E+00
  -.12800000E+01  .30148765E+00
  -.12400000E+01  .26404314E+00
  -.12000000E+01  .22540772E+00
  -.11600000E+01  .18550740E+00
  -.11200000E+01  .14426180E+00
  -.10800000E+01  .10158345E+00
  -.10400000E+01  .57376940E-01
  -.10000000E+01  .11538062E-01
  -.96000000E+00 -.36047285E-01
  -.92000000E+00 -.85504267E-01
  -.88000000E+00 -.13697052E+00
  -.84000000E+00 -.19059773E+00
  -.80000000E+00 -.24655345E+00
  -.76000000E+00 -.30502329E+00
  -.72000000E+00 -.36621338E+00
  -.68000000E+00 -.43035329E+00
  -.64000000E+00 -.49769952E+00
  -.60000000E+00 -.56853949E+00
  -.56000000E+00 -.64319639E+00
  -.52000000E+00 -.72203473E+00
  -.48000000E+00 -.80546848E+00
  -.44000000E+00 -.89396626E+00
  -.40000000E+00 -.98806558E+00
  -.36000000E+00 -.10883821E+01
  -.32000000E+00 -.11956259E+01
  -.28000000E+00 -.13106203E+01
  -.24000000E+00 -.14343251E+01
  -.20000000E+00 -.15678661E+01
  -.16000000E+00 -.17125729E+01
  -.12000000E+00 -.18700271E+01
  -.80000000E-01 -.20421245E+01
  -.40000000E-01 -.22311583E+01
   .12351231E-14 -.24399278E+01
   .40000000E-01 -.26718870E+01
   .80000000E-01 -.29313477E+01
   .12000000E+00 -.32237635E+01
   .16000000E+00 -.35561343E+01
   .20000000E+00 -.39375965E+01
   .24000000E+00 -.43803056E+01
   .28000000E+00 -.49007953E+01
   .32000000E+00 -.55221440E+01
   .36000000E+00 -.62775692E+01
   .40000000E+00 -.72166821E+01
   .44000000E+00 -.84170250E+01
   .48000000E+00 -.10006948E+02
   .52000000E+00 -.12215374E+02
   .56000000E+00 -.15494308E+02
   .60000000E+00 -.20878098E+02
   .64000000E+00 -.31366854E+02
   .68000000E+00 -.60823485E+02
   .72000000E+00 -.65259594E+03
   .76000000E+00  .77599370E+02
   .80000000E+00  .37238320E+02
   .84000000E+00  .24749694E+02
   .88000000E+00  .18667099E+02
   .92000000E+00  .15064654E+02
   .96000000E+00  .12680225E+02
   .10000000E+01  .10983849E+02
   .10400000E+01  .97140616E+01
   .10800000E+01  .87269712E+01
   .11200000E+01  .79368525E+01
   .11600000E+01  .72894520E+01
   .12000000E+01  .67487599E+01
   .12400000E+01  .62899358E+01
   .12800000E+01  .58952901E+01
   .13200000E+01  .55518831E+01
   .13600000E+01  .52500315E+01
   .14000000E+01  .49823440E+01
   .14400000E+01  .47430814E+01
   .14800000E+01  .45277192E+01
   .15200000E+01  .43326426E+01
   .15600000E+01  .41549282E+01
   .16000000E+01  .39921869E+01
   .16400000E+01  .38424467E+01
   .16800000E+01  .37040654E+01
   .17200000E+01  .35756646E+01
   .17600000E+01  .34560788E+01
   .18000000E+01  .33443154E+01
   .18400000E+01  .32395243E+01
   .18800000E+01  .31409726E+01
   .19200000E+01  .30480256E+01
   .19600000E+01  .29601305E+01
   .20000000E+01  .28768037E+01
KBPotential  L  =      2.00000    .00000
  -.20000000E+01  .14352373E+01
  -.19600000E+01  .14213150E+01
  -.19200000E+01  .14072725E+01
  -.18800000E+01  .13931070E+01
  -.18400000E+01  .13788159E+01
  -.18000000E+01  .13643963E+01
  -.17600000E+01  .13498453E+01
  -.17200000E+01  .13351600E+01
  -.16800000E+01  .13203372E+01
  -.16400000E+01  .13053737E+01
  -.16000000E+01  .12902662E+01
  -.15600000E+01  .12750113E+01
  -.15200000E+01  .12596054E+01
  -.14800000E+01  .12440448E+01
  -.14400000E+01  .12283258E+01
  -.14000000E+01  .12124444E+01
  -.13600000E+01  .11963965E+01
  -.13200000E+01  .11801778E+01
  -.12800000E+01  .11637841E+01
  -.12400000E+01  .11472107E+01
  -.12000000E+01  .11304529E+01
  -.11600000E+01  .11135058E+01
  -.11200000E+01  .10963643E+01
  -.10800000E+01  .10790231E+01
  -.10400000E+01  .10614767E+01
  -.10000000E+01  .10437194E+01
  -.96000000E+00  .10257453E+01
  -.92000000E+00  .10075481E+01
  -.88000000E+00  .98912143E+00
  -.84000000E+00  .97045855E+00
  -.80000000E+00  .95155248E+00
  -.76000000E+00  .93239593E+00
  -.72000000E+00  .91298131E+00
  -.68000000E+00  .89330067E+00
  -.64000000E+00  .87334572E+00
  -.60000000E+00  .85310783E+00
  -.56000000E+00  .83257796E+00
  -.52000000E+00  .81174667E+00
  -.48000000E+00  .79060408E+00
  -.44000000E+00  .76913984E+00
  -.40000000E+00  .74734312E+00
  -.36000000E+00  .72520259E+00
  -.32000000E+00  .70270634E+00
  -.28000000E+00  .67984190E+00
  -.24000000E+00  .65659618E+00
  -.20000000E+00  .63295542E+00
  -.16000000E+00  .60890516E+00
  -.12000000E+00  .58443021E+00
  -.80000000E-01  .55951461E+00
  -.40000000E-01  .53414144E+00
   .12351231E-14  .50829299E+00
   .40000000E-01  .48195055E+00
   .80000000E-01  .45509437E+00
   .12000000E+00  .42770359E+00
   .16000000E+00  .39975615E+00
   .20000000E+00  .37122877E+00
   .24000000E+00  .34209673E+00
   .28000000E+00  .31233389E+00
   .32000000E+00  .28191252E+00
   .36000000E+00  .25080316E+00
   .40000000E+00  .21897455E+00
   .44000000E+00  .18639343E+00
   .48000000E+00  .15302440E+00
   .52000000E+00  .11882974E+00
   .56000000E+00  .83769212E-01
   .60000000E+00  .47799861E-01
   .64000000E+00  .10875759E-01
   .68000000E+00 -.27052240E-01
   .72000000E+00 -.66036793E-01
   .76000000E+00 -.10613439E+00
   .80000000E+00 -.14740573E+00
   .84000000E+00 -.18991606E+00
   .88000000E+00 -.23373569E+00
   .92000000E+00 -.27894045E+00
   .96000000E+00 -.32561223E+00
   .10000000E+01 -.37383965E+00
   .10400000E+01 -.42371871E+00
   .10800000E+01 -.47535364E+00
   .11200000E+01 -.52885773E+00
   .11600000E+01 -.58435439E+00
   .12000000E+01 -.64197831E+00
   .12400000E+01 -.70187674E+00
   .12800000E+01 -.76421103E+00
   .13200000E+01 -.82915833E+00
   .13600000E+01 -.89691363E+00
   .14000000E+01 -.96769198E+00
   .14400000E+01 -.10417312E+01
   .14800000E+01 -.11192951E+01
   .15200000E+01 -.12006767E+01
   .15600000E+01 -.12862031E+01
   .16000000E+01 -.13762398E+01
   .16400000E+01 -.14711970E+01
   .16800000E+01 -.15715368E+01
   .17200000E+01 -.16777811E+01
   .17600000E+01 -.17905221E+01
   .18000000E+01 -.19104343E+01
   .18400000E+01 -.20382894E+01
   .18800000E+01 -.21749745E+01
   .19200000E+01 -.23215146E+01
   .19600000E+01 -.24791003E+01
   .20000000E+01 -.26491226E+01
KBPotential  L  =      3.00000    .00000
  -.20000000E+01  .19780890E+01
  -.19600000E+01  .19684932E+01
  -.19200000E+01  .19588580E+01
  -.18800000E+01  .19491829E+01
  -.18400000E+01  .19394674E+01
  -.18000000E+01  .19297113E+01
  -.17600000E+01  .19199139E+01
  -.17200000E+01  .19100748E+01
  -.16800000E+01  .19001937E+01
  -.16400000E+01  .18902699E+01
  -.16000000E+01  .18803030E+01
  -.15600000E+01  .18702925E+01
  -.15200000E+01  .18602379E+01
  -.14800000E+01  .18501387E+01
  -.14400000E+01  .18399944E+01
  -.14000000E+01  .18298044E+01
  -.13600000E+01  .18195683E+01
  -.13200000E+01  .18092854E+01
  -.12800000E+01  .17989552E+01
  -.12400000E+01  .17885771E+01
  -.12000000E+01  .17781506E+01
  -.11600000E+01  .17676751E+01
  -.11200000E+01  .17571499E+01
  -.10800000E+01  .17465745E+01
  -.10400000E+01  .17359482E+01
  -.10000000E+01  .17252704E+01
  -.96000000E+00  .17145405E+01
  -.92000000E+00  .17037577E+01
  -.88000000E+00  .16929215E+01
  -.84000000E+00  .16820312E+01
  -.80000000E+00  .16710859E+01
  -.76000000E+00  .16600852E+01
  -.72000000E+00  .16490281E+01
  -.68000000E+00  .16379140E+01
  -.64000000E+00  .16267422E+01
  -.60000000E+00  .16155118E+01
  -.56000000E+00  .16042221E+01
  -.52000000E+00  .15928723E+01
  -.48000000E+00  .15814615E+01
  -.44000000E+00  .15699890E+01
  -.40000000E+00  .15584539E+01
  -.36000000E+00  .15468553E+01
  -.32000000E+00  .15351924E+01
  -.28000000E+00  .15234642E+01
  -.24000000E+00  .15116699E+01
  -.20000000E+00  .14998084E+01
  -.16000000E+00  .14878789E+01
  -.12000000E+00  .14758804E+01
  -.80000000E-01  .14638118E+01
  -.40000000E-01  .14516722E+01
   .12351231E-14  .14394604E+01
   .40000000E-01  .14271756E+01
   .80000000E-01  .14148164E+01
   .12000000E+00  .14023819E+01
   .16000000E+00  .13898710E+01
   .20000000E+00  .13772824E+01
   .24000000E+00  .13646149E+01
   .28000000E+00  .13518674E+01
   .32000000E+00  .13390386E+01
   .36000000E+00  .13261272E+01
   .40000000E+00  .13131320E+01
   .44000000E+00  .13000516E+01
   .48000000E+00  .12868847E+01
   .52000000E+00  .12736298E+01
   .56000000E+00  .12602856E+01
   .60000000E+00  .12468506E+01
   .64000000E+00  .12333233E+01
   .68000000E+00  .12197021E+01
   .72000000E+00  .12059856E+01
   .76000000E+00  .11921720E+01
   .80000000E+00  .11782598E+01
   .84000000E+00  .11642473E+01
   .88000000E+00  .11501328E+01
   .92000000E+00  .11359145E+01
   .96000000E+00  .11215905E+01
   .10000000E+01  .11071591E+01
   .10400000E+01  .10926183E+01
   .10800000E+01  .10779661E+01
   .11200000E+01  .10632006E+01
   .11600000E+01  .10483198E+01
   .12000000E+01  .10333214E+01
   .12400000E+01  .10182034E+01
   .12800000E+01  .10029634E+01
   .13200000E+01  .98759932E+00
   .13600000E+01  .97210871E+00
   .14000000E+01  .95648916E+00
   .14400000E+01  .94073822E+00
   .14800000E+01  .92485333E+00
   .15200000E+01  .90883189E+00
   .15600000E+01  .89267119E+00
   .16000000E+01  .87636849E+00
   .16400000E+01  .85992094E+00
   .16800000E+01  .84332561E+00
   .17200000E+01  .82657950E+00
   .17600000E+01  .80967951E+00
   .18000000E+01  .79262245E+00
   .18400000E+01  .77540505E+00
   .18800000E+01  .75802391E+00
   .19200000E+01  .74047557E+00
   .19600000E+01  .72275643E+00
   .20000000E+01  .70486279E+00
KBPotential  L  =      4.00000    .00000
  -.20000000E+01  .24649221E+01
  -.19600000E+01  .24572871E+01
  -.19200000E+01  .24496324E+01
  -.18800000E+01  .24419576E+01
  -.18400000E+01  .24342631E+01
  -.18000000E+01  .24265480E+01
  -.17600000E+01  .24188125E+01
  -.17200000E+01  .24110565E+01
  -.16800000E+01  .24032799E+01
  -.16400000E+01  .23954823E+01
  -.16000000E+01  .23876639E+01
  -.15600000E+01  .23798242E+01
  -.15200000E+01  .23719633E+01
  -.14800000E+01  .23640808E+01
  -.14400000E+01  .23561770E+01
  -.14000000E+01  .23482511E+01
  -.13600000E+01  .23403036E+01
  -.13200000E+01  .23323336E+01
  -.12800000E+01  .23243418E+01
  -.12400000E+01  .23163272E+01
  -.12000000E+01  .23082902E+01
  -.11600000E+01  .23002307E+01
  -.11200000E+01  .22921478E+01
  -.10800000E+01  .22840421E+01
  -.10400000E+01  .22759130E+01
  -.10000000E+01  .22677605E+01
  -.96000000E+00  .22595845E+01
  -.92000000E+00  .22513845E+01
  -.88000000E+00  .22431606E+01
  -.84000000E+00  .22349126E+01
  -.80000000E+00  .22266400E+01
  -.76000000E+00  .22183431E+01
  -.72000000E+00  .22100213E+01
  -.68000000E+00  .22016746E+01
  -.64000000E+00  .21933027E+01
  -.60000000E+00  .21849055E+01
  -.56000000E+00  .21764827E+01
  -.52000000E+00  .21680342E+01
  -.48000000E+00  .21595597E+01
  -.44000000E+00  .21510593E+01
  -.40000000E+00  .21425322E+01
  -.36000000E+00  .21339786E+01
  -.32000000E+00  .21253983E+01
  -.28000000E+00  .21167909E+01
  -.24000000E+00  .21081562E+01
  -.20000000E+00  .20994940E+01
  -.16000000E+00  .20908043E+01
  -.12000000E+00  .20820865E+01
  -.80000000E-01  .20733406E+01
  -.40000000E-01  .20645662E+01
   .12351231E-14  .20557633E+01
   .40000000E-01  .20469314E+01
   .80000000E-01  .20380703E+01
   .12000000E+00  .20291800E+01
   .16000000E+00  .20202599E+01
   .20000000E+00  .20113100E+01
   .24000000E+00  .20023299E+01
   .28000000E+00  .19933195E+01
   .32000000E+00  .19842783E+01
   .36000000E+00  .19752061E+01
   .40000000E+00  .19661028E+01
   .44000000E+00  .19569679E+01
   .48000000E+00  .19478013E+01
   .52000000E+00  .19386026E+01
   .56000000E+00  .19293716E+01
   .60000000E+00  .19201079E+01
   .64000000E+00  .19108113E+01
   .68000000E+00  .19014814E+01
   .72000000E+00  .18921180E+01
   .76000000E+00  .18827207E+01
   .80000000E+00  .18732893E+01
   .84000000E+00  .18638234E+01
   .88000000E+00  .18543227E+01
   .92000000E+00  .18447868E+01
   .96000000E+00  .18352155E+01
   .10000000E+01  .18256084E+01
   .10400000E+01  .18159651E+01
   .10800000E+01  .18062854E+01
   .11200000E+01  .17965688E+01
   .11600000E+01  .17868151E+01
   .12000000E+01  .17770238E+01
   .12400000E+01  .17671945E+01
   .12800000E+01  .17573270E+01
   .13200000E+01  .17474209E+01
   .13600000E+01  .17374757E+01
   .14000000E+01  .17274911E+01
   .14400000E+01  .17174667E+01
   .14800000E+01  .17074020E+01
   .15200000E+01  .16972968E+01
   .15600000E+01  .16871505E+01
   .16000000E+01  .16769627E+01
   .16400000E+01  .16667331E+01
   .16800000E+01  .16564612E+01
   .17200000E+01  .16461466E+01
   .17600000E+01  .16357888E+01
   .18000000E+01  .16253874E+01
   .18400000E+01  .16149419E+01
   .18800000E+01  .16044518E+01
   .19200000E+01  .15939167E+01
   .19600000E+01  .15833362E+01
   .20000000E+01  .15727096E+01
